3108460
3752862
3833907
3450425
3455908
4126996
4129818
4004950
3471456
4126998
3127575
3591524
3592387
3127824
3127796
3651462
3127776
3127815
3630806
3554305
3717551
3796706
3775052
3753797
4129647
4129666
4126941
4127091
4129838
4129625
4129857
4129685
3754220
4126976
3794593
3157478
3616894
3798250
3811619
3811575
4129879
3756797
3756980
3461630
3617808
3754316
4164023
3754286
3127677
3811663
4125084
3127525
3111399
3111478
3755296
3906828
3112061
3111474
3127705
3880569
3124846
3127768
3111470
3108725
3959861
4109833
3111466
2886549
2313434
3959828
2886551
2886553
3111462
2313444
2313450
3959789
3127494
3805039
3127745
3111442
3111446
3127600
3127620
3111450
3111454
4109749
4109791
3959904
3111458
3169098
3106057
3106059